        20.00000        77.61816        100.9653
        20.71007        78.39650        101.7091
        21.44534        79.18594        102.4891
        22.20673        79.98696        103.3061
        22.99514        80.80006        104.1610
        23.81154        81.62577        105.0547
        24.65693        82.46465        105.9881
        25.53234        83.31728        106.9622
        26.43882        84.18428        107.9782
        27.37749        85.06630        109.0374
        28.34948        85.96402        110.1415
        29.35599        86.87814        111.2922
        30.39822        87.80937        112.4918
        31.47746        88.75843        113.7434
        32.59502        89.72596        115.0504
        33.75225        90.71253        116.4178
        34.95057        91.71852        117.8520
        36.19143        92.74398        119.3620
        37.47635        93.78843        120.9609
        38.80688        94.85062        122.6684
        40.18466        95.92805        124.5157
        41.61135        97.01640        126.5567
        43.08869        98.10880        128.8924
        44.61849        99.19478        131.7399
        46.20259        100.2593        135.6670
        47.84294        101.2821        142.7752
        49.54153        102.2374        170.3401
        51.30042        103.0965       -76.23962
        53.12176        103.8314       -56.83201
        55.00776        104.4217       -50.40921
        56.96072        104.8595       -46.38210
        58.98301        105.1531       -43.15480
        61.07711        105.3235       -40.25687
        63.24555        105.3990       -37.49786
        65.49098        105.4092       -34.78364
        67.81613        105.3801       -32.06014
        70.22383        105.3329       -29.29212
        72.71702        105.2831       -26.45383
        75.29872        105.2419       -23.52448
        77.97207        105.2170       -20.48583
        80.74035        105.2133       -17.32069
        83.60690        105.2342       -14.01202
        86.57523        105.2821       -10.54223
        89.64894        105.3585       -6.892487
        92.83178        105.4649       -3.042027
        96.12762        105.6026        1.032834
        99.54047        105.7734        5.360107
        103.0745        105.9798        9.974368
        106.7340        106.2250        14.92045
        110.5234        106.5140        20.25976
        114.4474        106.8538        26.08172
        118.5106        107.2544        32.52505
        122.7181        107.7302        39.82040
        127.0751        108.3011        48.38026
        131.5866        108.9939        59.00101
        136.2584        109.8379        73.32196
        141.0960        110.8354        94.60119
        146.1054        111.8232        126.2010
        151.2927        112.0428        160.5171
        156.6641        110.1371       -175.8912
        162.2262        106.2362       -163.6996
        167.9857        101.6230       -161.2993
        173.9498        97.27698       -170.8614
        180.1256        94.89773        168.0367
        186.5207        95.26574        150.5064
        193.1428        96.58216        144.2512
        200.0000        97.82100        145.2264
